FPR TPR
0.07710008 0.80948627
0.06996001 0.8192077 
0.08708049 0.821198  
0.08319414 0.8175504 
0.08823376 0.81845707
0.09259813 0.8239726 
0.10996027 0.8475533 
0.10893404 0.83927834
0.13912855 0.84855247
0.15592583 0.8472037 
0.26743752 0.9196911 
0.5360913  0.95009774
0.60129786 0.96009636
0.5277956 0.9674156
0.80342203 0.96957886
0.7496923 0.9797013
0.75854933 0.97446233
0.880254  0.9833042
0.8173809  0.98387545
0.08726326 0.8329972 
0.1127854  0.83767515
0.14385886 0.8462749 
0.13275628 0.84654915
0.15757339 0.8623414 
0.18926579 0.8895217 
0.23097341 0.8838142 
0.30340013 0.87863183
0.28587967 0.89203787
0.27892953 0.8852607 
0.27634963 0.9002184 
0.341203   0.89831734
0.30150938 0.911661  
0.2881358 0.9243186
0.365836  0.9128388
0.32286766 0.9235758 
0.36166614 0.9189476 
0.42586207 0.9258385 
0.43694672 0.9255323 
0.42038622 0.9324716 
0.36416152 0.9336353 
0.43141383 0.9295988 
0.40524814 0.93709904
0.3851304 0.9346164
0.46588907 0.9384944 
0.47989747 0.9497194 
0.60430884 0.9439016 
0.5812622  0.94350135
0.5765425 0.946729 
0.5664746  0.94728583
0.49239132 0.95035577
0.5129248  0.94517267
0.6226665 0.9494295
0.611214   0.96092504
0.63108075 0.95403266
0.58016104 0.95361894
0.68490666 0.958556  
0.5653607  0.96168435
0.7029055  0.96344644
0.00508222 0.6208977 
0.00487048 0.6148615 
0.00707441 0.65977466
0.00615503 0.6722672 
0.00834304 0.64452296
0.00899328 0.6912566 
0.00959397 0.7102499 
0.01097456 0.6846359 
0.01271487 0.6890045 
0.01315564 0.7010672 
0.01338962 0.6996551 
0.01865856 0.71695006
0.01801414 0.72018754
0.01510067 0.73518765
0.01808697 0.7404954 
0.0233868 0.7361337
0.02174838 0.7276397 
0.02824305 0.7468841 
0.02653166 0.73187447
0.03169532 0.751792  
0.57849884 0.95726275
0.65532786 0.96334255
0.6461816  0.96943253
0.6651455 0.9662977
0.5394708 0.9678597
0.76734984 0.9648962 
0.8608764 0.9811504
0.7484512  0.96586967
0.775288  0.9704801
0.73888516 0.9706221 
0.77688354 0.9709997 
0.7569906 0.9734649
0.71382165 0.9749929 
0.7203077 0.9710867
0.81797963 0.97828704
0.8455159 0.9777225
0.79264426 0.9765086 
0.8556726 0.977527 
0.9125052 0.9824373
0.820498   0.98218733
0.8844041 0.9807453
0.90452456 0.9808836 
0.89618564 0.9864451 
0.89791864 0.9861292 
0.8283462 0.9799971
0.8784381 0.9825133
0.88909525 0.9850283 
0.8592027 0.9834327
0.9278488 0.9856204
0.85495156 0.98240817
0.8626297  0.98514736
0.72140986 0.98117894
0.8931692  0.98665357
0.9080602 0.9855089
0.73593277 0.9855897 
0.9791198 0.9855688
0.9776212  0.99090785
0.86782193 0.9847217 
0.9377895  0.98792225
0.8858914 0.9862697
0.913191   0.98443186
0.9483029 0.9883782
0.97041076 0.98914784
0.98090166 0.9893239 
0.8077259 0.9894308
0.94651055 0.98900324
0.93363434 0.98987824
0.9767684 0.9893877
0.97664493 0.9896487 
0.9885034 0.990372 
0.9756255  0.99147874
0.99289006 0.99129504
0.88373584 0.98777664
0.9193557  0.98934877
0.95499414 0.9878504 
0.96470577 0.9902251 
0.9268639  0.99133426
0.955323  0.9899422
0.9612394 0.9912335
0.99525154 0.9908457 
0.63967353 0.96279657
0.6387359 0.9679275
0.65628237 0.96519995
0.4763767  0.96561205 
0.34062764 0.9341242 
0.4347588 0.9351989
0.43271235 0.93277955
0.31498808 0.9291874 
0.47917974 0.9325636 
0.34416595 0.9438414 
0.5833982  0.93921995
0.61384946 0.9369508 
0.5307158 0.9376918
0.6259577  0.94036025
0.42506972 0.943416  
0.4935281 0.9412222
0.50478506 0.9419232 
0.4841577 0.9558396
0.5197653 0.9470093
0.5524613 0.948909 
0.58491844 0.95040363
0.53934276 0.9565126 
0.67569804 0.95826495
0.47743732 0.9534998
0.00509725 0.62106836
0.00602095 0.6402937 
0.01101374 0.67570925
0.01219708 0.7029047 
0.01825805 0.6969226 
0.02298168 0.7198596 
0.02445438 0.7658387 
0.03414604 0.74147356
0.03445782 0.75859517
0.05012238 0.75085855
0.03791055 0.7735336 
0.05595056 0.7949057 
0.06476337 0.7840436 
0.05310366 0.8137938 
0.05607175 0.8061642 
0.08162784 0.8114892 
0.09681845 0.8107482 
0.11592826 0.8258478 
0.1004675 0.8268827
0.11458469 0.8389728 
0.11434538 0.8517178 
0.09809182 0.8510677 
0.14899097 0.84577453
0.14910452 0.8459122 
0.14987029 0.84808224
0.1734475 0.8613743
0.17339277 0.86541045
0.13995312 0.86636734
0.19424312 0.8628521 
0.20832373 0.869297  
0.1887382 0.8698456
0.1896226 0.8788493
0.22174264 0.8652787 
0.18812597 0.8830133 
0.18525538 0.8672668 
0.20416458 0.8762546 
0.20797227 0.8891119 
0.28193355 0.891561  
0.27342772 0.88493115
0.33629063 0.8969157 
0.2742903 0.8886824
0.26020914 0.8997722 
0.31224597 0.89303267
0.25559658 0.90038866
0.2882015  0.92042845
0.28502864 0.90074193
0.33259478 0.9129002 
0.2899996 0.9082137
0.3107057 0.9113754
0.41783503 0.9113572 
0.33637884 0.9199544 
0.42193353 0.9219661 
0.39743483 0.9219508 
0.3266913  0.91865814
0.29671422 0.9226482 
0.38173494 0.9251704  
0.01225568 0.696025  
0.03383274 0.74171627
0.05320252 0.7760715 
0.07662052 0.7944043 
0.10209362 0.82352203
0.12949955 0.8604782 
0.16926722 0.85884035
0.19303715 0.8645412 
0.42038903 0.93247354
0.34020376 0.9342546 
0.41145593 0.9353221 
0.40569934 0.9309151 
0.31437722 0.9290915 
0.4416987 0.9326221
0.36139902 0.94250524
0.59638876 0.9381039 
0.5628411 0.9372541
0.5541555 0.9388035
0.5771735  0.93939036
0.429948  0.9399691
0.4803591 0.9363294
0.5117207 0.9423854
0.47642463 0.9552637 
0.5388742 0.9484037
0.53377557 0.9473861 
0.49246177 0.9497484 
0.52083915 0.9547166 
0.6498259 0.9567305
0.58646756 0.9536808 
0.71050894 0.95161027
0.5574284 0.9544468
0.6117474 0.9562045
0.58971983 0.9570406 
0.678457  0.9589763
0.62398756 0.95537645
0.55239433 0.94963545
0.6234454 0.9606745
0.65136105 0.9575458 
0.6342418 0.9580838
0.5862917  0.95573837
0.6062041  0.95820194
0.70599014 0.9600122 
0.7960908 0.9653529
0.5968418 0.9539632
0.60710686 0.9632172 
0.6807932 0.9658817
0.73282796 0.9614021 
0.71174586 0.96595246
0.9969628  0.99341387
0.9242419  0.99210125
0.98005867 0.9909521 
0.9825995 0.993917 
0.88169515 0.99113446
0.9829094 0.989041 
0.9875081  0.99327105
0.88286394 0.9876546 
0.9550504 0.9901648
0.8870524 0.9880003
0.97806966 0.99008757
0.96824926 0.9908513 
0.97680587 0.99063927
0.9878184 0.9907348
0.96577686 0.9936975 
0.9615539 0.9901277
0.9519969 0.9907969
0.97489    0.98892456
0.9742695  0.99085635
0.9889278  0.99050653
0.98244566 0.9919343 
0.9928246  0.99124944
0.8843053 0.9875871
0.91599184 0.98916376
0.95191866 0.98716754
0.9471257 0.9897844
0.91889143 0.9907114 
0.3852253 0.9197651
0.30891165 0.92616045
0.38624406 0.92596287
0.41384733 0.9319918 
0.28284436 0.91497976
0.41552582 0.92739964
0.33100715 0.9506474 
0.50666434 0.93659306
0.5171761 0.9326996
0.5037646 0.9376172
0.4904958 0.9353348
0.42206123 0.937803  
0.49331525 0.9351097 
0.41703165 0.93978184
0.4529009 0.9517718
0.5106012 0.946717 
0.5680635 0.9435168
0.56390226 0.9437778 
0.5564706  0.95200884
0.56397474 0.9540545 
0.51257586 0.95281047
0.6806314 0.9488232
0.58813703 0.95301896
0.59563506 0.9548697 
0.5722344  0.95531976
0.6446984  0.95960164
0.7469932  0.96923965
0.48819035 0.948657  
0.67826414 0.9601901 
0.65631145 0.95664406
0.64644283 0.95680106
0.52398145 0.95509   
0.61891645 0.9574449 
0.6940389  0.95906234
